1 125.106011
2 121.923504
3 121.395211
5 119.702741
6 116.466673
7 116.186551
8 115.185226
9 112.850812
11 112.340610
15 111.273866
17 108.825816
18 108.351005
22 106.538845
25 106.509721
27 104.510473
31 96.639478
33 95.758196
37 93.729136
46 85.877223
56 82.420267
100 81.789750
119 80.603971
120 78.905746
131 77.491532
135 76.271135
178 76.149075
179 75.576434
203 75.437460
210 74.534135
220 74.226999
240 74.104345
242 72.204275
265 71.449638
269 71.041997
281 70.977502
284 69.097414
378 68.652995
390 68.613823
404 67.296562
431 65.404550
503 62.961474
550 62.883947
586 60.815881
598 60.559392
735 60.336516
827 59.592679
831 57.734013
948 56.647719
993 55.705641
